convL1/conv/BatchNorm/gamma (16)
convL1/conv/BatchNorm/beta (16)
convL1/conv/BatchNorm/moving_avg (16)
convL1/conv/BatchNorm/moving_var (16)
wc0 (4,4,3,16)
bc0 (16)

convL2/conv/BatchNorm/gamma (16)
convL2/conv/BatchNorm/beta (16)
convL2/conv/BatchNorm/moving_avg (16)
convL2/conv/BatchNorm/moving_var (16)
wc1 (4,4,16,16)
bc1 (16)

convL3/conv/BatchNorm/gamma (16)
convL3/conv/BatchNorm/beta (16)
convL3/conv/BatchNorm/moving_avg (16)
convL3/conv/BatchNorm/moving_var (16)
wc2 (3,3,16,16)
bc2 (16)

fc1/BatchNorm/gamma (80)
fc1/BatchNorm/beta (80)
fc1/BatchNorm/moving_avg (80)
fc1/BatchNorm/maving_var (80)
wd1 (256,80)
bd1 (80)

out (80,3)
bout (3)

[ 0.12791437  0.10151228 -0.1480582  -0.16868165  0.0895279  -0.06811114
 -0.13881376  0.18919846  0.06007174  0.14395776 -0.0292192  -0.00074038
 -0.01873681  0.09245437  0.1814326   0.1167486   0.06598771  0.16209644
 -0.17120522 -0.0718469  -0.03448935  0.05153701  0.18579629  0.03519787
  0.03734453 -0.05989295  0.12111142 -0.15359971  0.123669    0.08684278
  0.05474496 -0.17835763  0.01757906  0.0816347  -0.17147134  0.06928712
 -0.14506486 -0.01654218  0.05379017  0.05334006  0.15595898 -0.0972499
 -0.15033635 -0.1931089  -0.02919587 -0.06745608  0.00531158  0.03175247
 -0.04462551 -0.0281994  -0.13390478  0.07726237  0.13162133 -0.13185163
  0.01945391 -0.00362384  0.05900866 -0.024813   -0.1448406  -0.03044592
  0.12882733  0.08595714  0.00070848  0.12981302 -0.0782292   0.02833347
  0.07823497 -0.15281095  0.0965212   0.17187676 -0.09267468  0.15505335
 -0.18103532  0.0534481  -0.05544923 -0.16920193 -0.06243247  0.01138642
  0.18179104 -0.0885799 ]
